
# Advanced AI Development Log
PULSE_SEQUENCE_2295677983_DATE_2026-03-02T05:49:42.649673
PULSE_SEQUENCE_3533363424_DATE_2026-03-04T12:44:26.649673
