
# Advanced AI Development Log
PULSE_SEQUENCE_2295677983_DATE_2026-03-02T05:49:42.649673
PULSE_SEQUENCE_3533363424_DATE_2026-03-04T12:44:26.649673
PULSE_SEQUENCE_414669741_DATE_2026-03-11T03:37:51.649673
PULSE_SEQUENCE_2472779211_DATE_2026-03-14T04:39:21.649673
PULSE_SEQUENCE_3125347490_DATE_2026-03-16T07:03:20.649673
