
# Advanced AI Development Log
PULSE_SEQUENCE_2295677983_DATE_2026-03-02T05:49:42.649673
PULSE_SEQUENCE_3533363424_DATE_2026-03-04T12:44:26.649673
PULSE_SEQUENCE_414669741_DATE_2026-03-11T03:37:51.649673
PULSE_SEQUENCE_2472779211_DATE_2026-03-14T04:39:21.649673
PULSE_SEQUENCE_3125347490_DATE_2026-03-16T07:03:20.649673
PULSE_SEQUENCE_1510931560_DATE_2026-03-21T08:57:32.649673
PULSE_SEQUENCE_3008942171_DATE_2026-03-22T06:05:56.649673
PULSE_SEQUENCE_1043051815_DATE_2026-03-28T03:29:11.649673
PULSE_SEQUENCE_316456757_DATE_2026-03-29T07:36:39.649673
PULSE_SEQUENCE_1425436101_DATE_2026-03-31T09:20:28.649673
PULSE_SEQUENCE_244617640_DATE_2026-04-02T07:41:47.649673
PULSE_SEQUENCE_2801921333_DATE_2026-04-04T05:20:38.649673
PULSE_SEQUENCE_1797458744_DATE_2026-04-05T11:03:29.649673
PULSE_SEQUENCE_678172783_DATE_2026-04-08T10:30:53.649673
PULSE_SEQUENCE_2067666290_DATE_2026-04-09T09:59:19.649673
PULSE_SEQUENCE_3753098444_DATE_2026-04-10T12:45:20.649673
PULSE_SEQUENCE_3466898829_DATE_2026-04-14T11:15:40.649673
PULSE_SEQUENCE_1616681972_DATE_2026-04-15T03:37:54.649673
