
# Advanced AI Development Log
PULSE_SEQUENCE_2295677983_DATE_2026-03-02T05:49:42.649673
PULSE_SEQUENCE_3533363424_DATE_2026-03-04T12:44:26.649673
PULSE_SEQUENCE_414669741_DATE_2026-03-11T03:37:51.649673
PULSE_SEQUENCE_2472779211_DATE_2026-03-14T04:39:21.649673
PULSE_SEQUENCE_3125347490_DATE_2026-03-16T07:03:20.649673
PULSE_SEQUENCE_1510931560_DATE_2026-03-21T08:57:32.649673
PULSE_SEQUENCE_3008942171_DATE_2026-03-22T06:05:56.649673
PULSE_SEQUENCE_1043051815_DATE_2026-03-28T03:29:11.649673
PULSE_SEQUENCE_316456757_DATE_2026-03-29T07:36:39.649673
PULSE_SEQUENCE_1425436101_DATE_2026-03-31T09:20:28.649673
PULSE_SEQUENCE_244617640_DATE_2026-04-02T07:41:47.649673
PULSE_SEQUENCE_2801921333_DATE_2026-04-04T05:20:38.649673
PULSE_SEQUENCE_1797458744_DATE_2026-04-05T11:03:29.649673
PULSE_SEQUENCE_678172783_DATE_2026-04-08T10:30:53.649673
PULSE_SEQUENCE_2067666290_DATE_2026-04-09T09:59:19.649673
PULSE_SEQUENCE_3753098444_DATE_2026-04-10T12:45:20.649673
PULSE_SEQUENCE_3466898829_DATE_2026-04-14T11:15:40.649673
PULSE_SEQUENCE_1616681972_DATE_2026-04-15T03:37:54.649673
PULSE_SEQUENCE_4064004254_DATE_2026-04-16T02:45:03.649673
PULSE_SEQUENCE_4026710597_DATE_2026-04-19T14:49:41.649673
PULSE_SEQUENCE_228804724_DATE_2026-04-20T03:42:11.649673
PULSE_SEQUENCE_3364082936_DATE_2026-04-21T06:57:18.649673
PULSE_SEQUENCE_4207271423_DATE_2026-04-22T11:01:58.649673
PULSE_SEQUENCE_3604815090_DATE_2026-04-24T03:43:50.649673
PULSE_SEQUENCE_149263901_DATE_2026-04-25T04:01:34.649673
PULSE_SEQUENCE_3182826474_DATE_2026-04-26T06:18:48.649673
PULSE_SEQUENCE_3369157851_DATE_2026-04-26T13:25:38.649673
PULSE_SEQUENCE_4129161774_DATE_2026-04-28T09:02:08.649673
PULSE_SEQUENCE_2880579638_DATE_2026-04-28T09:53:51.649673
PULSE_SEQUENCE_2347499202_DATE_2026-05-02T03:02:27.649673
PULSE_SEQUENCE_4102000876_DATE_2026-05-06T12:07:40.649673
PULSE_SEQUENCE_1662872781_DATE_2026-05-07T11:34:24.649673
PULSE_SEQUENCE_1823811446_DATE_2026-05-08T06:02:03.649673
PULSE_SEQUENCE_1992432600_DATE_2026-05-09T09:41:13.649673
PULSE_SEQUENCE_4217538556_DATE_2026-05-09T10:57:09.649673
PULSE_SEQUENCE_981533343_DATE_2026-05-11T08:02:43.649673
